_C_12f6d55f_0 8c 0 2b8 0 0 20253162 0 6f77203d 0 6572666c 0 2c204f76 0 20253162 0 6f77203d 0 6572666c 0 20556e64 0 3332622c 0 203d2025 0 64756374 0 2050726f 0 3332622c 0 203d2025 0 6c696572 0 6c746970 0 2c204d75 0 25333262 0 64203d20 0 6963616e 0 7469706c 0 4d756c 
_C_757f48ea_0 8c 0 18 0 0 206e73 
_C_33eb4603_0 8c 0 128 0 0 743d2562 0 20636f75 0 6d3d2562 0 3a207375 0 3d256220 0 2063696e 0 323d2562 0 6220696e 0 6e313d25 0 69 
_C_261fc3bc_0 8c 0 60 0 0 2e766364 0 69706c79 0 6d756c74 
_C_93944d2c_0 94 0 20 0 0 fffffff7 
_C_16e23902_0 84 0 8 0 0 f8 
_C_9d7cc835_0 8c 0 28 0 0 696d653d 0 74 
_C_679d023f_0 84 0 b 0 0 7c0 
_C_b35bc3_0 84 0 20 0 0 0 
_C_ad4ad0d_0 84 0 20 0 0 1 
_C_3f7d714e_0 94 0 20 0 0 1 
_C_6c42c73e_0 94 0 20 0 0 9 
